7006.9,7006.91,6924.08,10670660956637.0,737365895.0,2018-01-02 00:00:00
7065.53,7069.15,7016.7,10788418387444.0,3703689.0,2018-01-03 00:00:00
7077.91,7098.05,7072.38,10807381807855.0,1565173711.0,2018-01-04 00:00:00
7136.56,7137.04,7097.08,10896949592693.0,52853053.0,2018-01-05 00:00:00
7157.39,7161.35,7124.09,10928770066397.0,8201618.0,2018-01-08 00:00:00
7163.58,7181.14,7148.3,10938818547441.0,112393791.0,2018-01-09 00:00:00
7153.57,7154.24,7111.52,10916513408089.0,3207569.0,2018-01-10 00:00:00
7211.78,7211.78,7163.23,11005282256717.0,114479411.0,2018-01-11 00:00:00
7261.06,7265.26,7205.18,11080712734512.0,1620298.0,2018-01-12 00:00:00
7223.69,7330.33,7205.93,11023702649506.0,8998557.0,2018-01-16 00:00:00
7298.28,7309.36,7229.32,11139584827957.0,0.0,2018-01-17 00:00:00
7296.05,7313.89,7276.11,11135393158101.0,36557839.0,2018-01-18 00:00:00
7336.38,7336.38,7297.28,11197171941149.0,11310669.0,2018-01-19 00:00:00
7408.03,7408.03,7332.81,11306530969730.0,3059044.0,2018-01-22 00:00:00
7460.29,7465.39,7423.18,11386308146163.0,0.0,2018-01-23 00:00:00
7415.06,7486.32,7376.75,11317323738853.0,6521647.0,2018-01-24 00:00:00
7411.16,7458.53,7388.58,11311379490836.0,24467338.0,2018-01-25 00:00:00
7505.77,7505.77,7431.22,11456522835820.0,295945647.0,2018-01-26 00:00:00
7466.51,7500.61,7455.55,11398317298931.0,11753950.0,2018-01-29 00:00:00
7402.48,7433.65,7373.99,11300601943979.0,819064812.0,2018-01-30 00:00:00
7411.48,7453.99,7381.12,11316914650438.0,399790319.0,2018-01-31 00:00:00
7385.86,7441.09,7362.28,11277312213720.0,76466872.0,2018-02-01 00:00:00
7240.95,7364.43,7238.18,11055014769163.0,129709116.0,2018-02-02 00:00:00
6967.53,7277.36,6967.53,10635956547803.0,179632552.0,2018-02-05 00:00:00
7115.88,7126.55,6824.82,10860039663943.0,1695531772.0,2018-02-06 00:00:00
7051.98,7170.33,7051.53,10763584234020.0,482755860.0,2018-02-07 00:00:00
6777.16,7073.99,6776.77,10344002439559.0,141142141.0,2018-02-08 00:00:00
6874.49,6917.01,6630.67,10491436442424.0,3324249180.0,2018-02-09 00:00:00
6981.96,7023.62,6879.69,10652926046398.0,137919490.0,2018-02-12 00:00:00
7013.51,7025.68,6938.16,10701115794616.0,74104490.0,2018-02-13 00:00:00
7143.62,7152.05,6977.07,10901581887283.0,4896012505.0,2018-02-14 00:00:00
7256.43,7256.93,7130.39,11073221771167.0,348091126.0,2018-02-15 00:00:00
7239.47,7303.26,7226.38,11047438671248.0,151404630.0,2018-02-16 00:00:00
7234.31,7295.95,7206.0,11040107097314.0,202387624.0,2018-02-20 00:00:00
7218.23,7338.64,7218.11,11017609095390.0,385165335.0,2018-02-21 00:00:00
7210.09,7280.93,7194.84,11005150439199.0,277342841.0,2018-02-22 00:00:00
7337.39,7337.83,7232.5,11201419370015.0,292737342.0,2018-02-23 00:00:00
7421.46,7421.85,7360.25,11330082793023.0,61498316.0,2018-02-26 00:00:00
7330.35,7438.09,7330.35,11191867672935.0,1100465616.0,2018-02-27 00:00:00
7273.01,7386.8,7273.01,11106044708592.0,560224968.0,2018-02-28 00:00:00
7180.56,7307.84,7117.66,10964329420504.0,1412533772.0,2018-03-01 00:00:00
7257.87,7267.19,7084.83,11082539701410.0,551955506.0,2018-03-02 00:00:00
7330.7,7350.07,7205.31,11193749447616.0,24234150.0,2018-03-05 00:00:00
7372.01,7378.03,7319.68,11257029236162.0,151957551.0,2018-03-06 00:00:00
7396.65,7403.79,7311.74,11276350692628.0,75352490.0,2018-03-07 00:00:00
7427.95,7435.01,7391.5,11324049163038.0,1983881010.0,2018-03-08 00:00:00
7560.81,7560.81,7469.03,11514199229631.0,362354088.0,2018-03-09 00:00:00
7588.32,7609.1,7563.44,11552636082953.0,14469330.0,2018-03-12 00:00:00
7511.01,7637.27,7492.98,11441325317948.0,436092125.0,2018-03-13 00:00:00
7496.81,7544.89,7473.9,11420536788277.0,685411407.0,2018-03-14 00:00:00
7481.74,7525.44,7463.18,11399379204235.0,1003111392.0,2018-03-15 00:00:00
7481.99,7514.21,7473.68,11399759350006.0,339649097.0,2018-03-16 00:00:00
7344.24,7421.23,7285.27,11174795256394.0,19834736.0,2018-03-19 00:00:00
7364.3,7380.74,7331.24,11205266817762.0,307632584.0,2018-03-20 00:00:00
7345.29,7415.66,7325.35,11176714475350.0,738565470.0,2018-03-21 00:00:00
7166.68,7303.19,7164.38,10904955721500.0,110843867.0,2018-03-22 00:00:00
6992.67,7194.31,6992.67,10640835832682.0,11519825.0,2018-03-23 00:00:00
7220.54,7225.83,7022.34,10989183299041.0,11209353.0,2018-03-26 00:00:00
7008.81,7255.54,6963.68,10662843338899.0,10055602.0,2018-03-27 00:00:00
6949.23,7036.09,6901.07,10574155492376.0,1567658163.0,2018-03-28 00:00:00
7063.44,7120.46,6935.78,10749465896411.0,171156184.0,2018-03-29 00:00:00
6870.12,7044.71,6805.96,10455515259297.0,47839706.0,2018-04-02 00:00:00
6941.28,6963.71,6835.23,10563822779727.0,880993889.0,2018-04-03 00:00:00
7042.11,7059.29,6811.77,10718036281379.0,1617338445.0,2018-04-04 00:00:00
7076.55,7112.38,7036.62,10770474628262.0,154857558.0,2018-04-05 00:00:00
6915.11,7066.64,6877.76,10520827386580.0,27022115.0,2018-04-06 00:00:00
6950.34,7074.95,6944.96,10574494313424.0,132301576.0,2018-04-09 00:00:00
7094.3,7117.98,7014.88,10793918487757.0,0.0,2018-04-10 00:00:00
7069.03,7128.54,7055.0,10760202507151.0,8973890.0,2018-04-11 00:00:00
7140.25,7166.0,7105.09,10868757039109.0,131809289.0,2018-04-12 00:00:00
7106.65,7183.62,7078.14,10817192791972.0,27521838.0,2018-04-13 00:00:00
7156.28,7178.51,7115.85,10891666733880.0,0.0,2018-04-16 00:00:00
7281.1,7298.59,7206.55,11082173453998.0,2362011.0,2018-04-17 00:00:00
7295.24,7319.58,7259.9,11107724451894.0,4059736.0,2018-04-18 00:00:00
7238.06,7277.45,7215.17,11020907397561.0,84709744.0,2018-04-19 00:00:00
7146.13,7222.99,7123.49,10881182712700.0,14849576.0,2018-04-20 00:00:00
7128.6,7195.72,7094.43,10856104953922.0,4534124.0,2018-04-23 00:00:00
7007.35,7171.67,6961.52,10671269738130.0,114019834.0,2018-04-24 00:00:00
7003.74,7030.74,6926.97,10659752420212.0,10195548.0,2018-04-25 00:00:00
7118.68,7143.94,7055.66,10834723178067.0,29796341.0,2018-04-26 00:00:00
7119.8,7197.15,7083.95,10836448081935.0,545978111.0,2018-04-27 00:00:00
7066.27,7169.8,7065.41,10761023815300.0,245912342.0,2018-04-30 00:00:00
7130.7,7133.27,7036.18,10859279128120.0,29111273.0,2018-05-01 00:00:00
7100.9,7169.46,7094.72,10814552056367.0,40139111.0,2018-05-02 00:00:00
7088.15,7112.59,6991.14,10795330570464.0,96313640.0,2018-05-03 00:00:00
7209.62,7228.26,7057.89,10981091673887.0,2133297895.0,2018-05-04 00:00:00
7265.21,7291.74,7235.76,11064985204870.0,253245064.0,2018-05-07 00:00:00
7266.9,7278.81,7224.7,11067705790575.0,284173181.0,2018-05-08 00:00:00
7339.91,7344.8,7259.05,11184902461789.0,572472823.0,2018-05-09 00:00:00
7404.97,7414.15,7353.63,11285430630142.0,442089946.0,2018-05-10 00:00:00
7402.88,7417.67,7372.26,11282394884437.0,4134016751.0,2018-05-11 00:00:00
7411.32,7458.42,7401.89,11295427930250.0,351099232.0,2018-05-14 00:00:00
7351.63,7363.52,7320.97,11204594371429.0,49546079.0,2018-05-15 00:00:00
7398.3,7413.32,7356.16,11273962995810.0,4468411096.0,2018-05-16 00:00:00
7382.47,7425.39,7350.46,11249876531386.0,1434752005.0,2018-05-17 00:00:00
7354.34,7381.16,7343.97,11208532436856.0,348402601.0,2018-05-18 00:00:00
7394.04,7431.83,7368.21,11269016747063.0,203566625.0,2018-05-21 00:00:00
7378.46,7432.53,7370.33,11245556344770.0,212964025.0,2018-05-22 00:00:00
7425.96,7426.78,7334.62,11318490916365.0,385180788.0,2018-05-23 00:00:00
7424.43,7435.38,7357.5,11315258693311.0,118183803.0,2018-05-24 00:00:00
7433.85,7452.85,7415.58,11331289437412.0,172804457.0,2018-05-25 00:00:00
7396.59,7435.13,7354.29,11274172281326.0,924316801.0,2018-05-29 00:00:00
7462.45,7473.81,7423.67,11364025505100.0,537880699.0,2018-05-30 00:00:00
7442.12,7492.42,7431.41,11332787575040.0,1921308116.0,2018-05-31 00:00:00
7554.33,7557.38,7487.23,11502216245686.0,224564021.0,2018-06-01 00:00:00
7606.46,7607.17,7561.2,11583383936104.0,39992389.0,2018-06-04 00:00:00
7637.86,7644.48,7602.38,11632017959032.0,247744550.0,2018-06-05 00:00:00
7689.24,7691.65,7622.31,11709767235440.0,29013023.0,2018-06-06 00:00:00
7635.07,7697.41,7597.66,11627375653495.0,1632242586.0,2018-06-07 00:00:00
7645.51,7653.58,7595.14,11643880282938.0,82868247.0,2018-06-08 00:00:00
7659.93,7677.29,7642.87,11666239364607.0,101964569.0,2018-06-11 00:00:00
7703.79,7708.25,7669.53,11733376487830.0,29193283.0,2018-06-12 00:00:00
7695.7,7748.96,7686.65,11720183015793.0,99655276.0,2018-06-13 00:00:00
7761.04,7768.6,7723.53,11821152578900.0,1708294368.0,2018-06-14 00:00:00
7746.38,7755.72,7704.34,11798588946129.0,270658752.0,2018-06-15 00:00:00
7747.03,7749.36,7676.83,11749881805873.0,23590196.0,2018-06-18 00:00:00
7725.59,7727.41,7635.73,11717132989669.0,995047260.0,2018-06-19 00:00:00
7781.51,7806.6,7755.48,11801399072996.0,38603675.0,2018-06-20 00:00:00
7712.95,7803.45,7699.2,11699607314114.0,18146211.0,2018-06-21 00:00:00
7692.82,7739.71,7679.12,11671760634076.0,14210752.0,2018-06-22 00:00:00
7532.01,7639.73,7477.73,11426206020493.0,21698115.0,2018-06-25 00:00:00
7561.63,7597.49,7527.0,11471553930748.0,9694570.0,2018-06-26 00:00:00
7445.08,7610.67,7444.17,11301251629580.0,94212261.0,2018-06-27 00:00:00
7503.68,7526.07,7419.56,11391514647138.0,1255036887.0,2018-06-28 00:00:00
7510.3,7573.59,7502.95,11404215445108.0,87436262.0,2018-06-29 00:00:00
7567.69,7568.1,7443.1,11492106109937.0,873169785.0,2018-07-02 00:00:00
7502.67,7594.33,7498.5,11391686843730.0,21263596.0,2018-07-03 00:00:00
7586.43,7589.19,7511.43,11519458449505.0,1764469428.0,2018-07-05 00:00:00
7688.39,7695.81,7588.65,11674201689978.0,39695218.0,2018-07-06 00:00:00
