38.67,38.86,38.95,38.43,19972431.0,38.67,38.86,38.95,38.43,19972431.0,2018-01-02 00:00:00
38.72,39.17,39.285,38.53,29066090.0,38.72,39.17,39.285,38.53,29066090.0,2018-01-03 00:00:00
39.05,38.99,39.54,38.93,20606344.0,39.05,38.99,39.54,38.93,20606344.0,2018-01-04 00:00:00
39.55,39.53,39.88,39.365,24369510.0,39.55,39.53,39.88,39.365,24369510.0,2018-01-05 00:00:00
39.52,39.94,39.96,39.35,16511704.0,39.52,39.94,39.96,39.35,16511704.0,2018-01-08 00:00:00
39.79,39.69,39.96,39.54,21339760.0,39.79,39.69,39.96,39.54,21339760.0,2018-01-09 00:00:00
39.65,39.91,40.24,39.63,19110146.0,39.65,39.91,40.24,39.63,19110146.0,2018-01-10 00:00:00
40.14,40.1,40.21,39.75,20178596.0,40.14,40.1,40.21,39.75,20178596.0,2018-01-11 00:00:00
40.22,40.87,40.93,40.05,22962700.0,40.22,40.87,40.93,40.05,22962700.0,2018-01-12 00:00:00
40.9,40.54,41.16,40.32,32273879.0,40.9,40.54,41.16,40.32,32273879.0,2018-01-16 00:00:00
40.84,41.2,41.32,40.705,23612126.0,40.84,41.2,41.32,40.705,23612126.0,2018-01-17 00:00:00
41.24,41.3,41.48,41.03,17450956.0,41.24,41.3,41.48,41.03,17450956.0,2018-01-18 00:00:00
41.28,41.29,41.52,41.1,23554383.0,41.28,41.29,41.52,41.1,23554383.0,2018-01-19 00:00:00
41.2,41.66,41.66,41.02,21794682.0,41.2,41.66,41.66,41.02,21794682.0,2018-01-22 00:00:00
41.54,42.1,42.13,41.54,21069503.0,41.54,42.1,42.13,41.54,21069503.0,2018-01-23 00:00:00
42.2,42.17,42.685,42.01,25739984.0,42.2,42.17,42.685,42.01,25739984.0,2018-01-24 00:00:00
42.27,41.9,42.47,41.82,18610206.0,42.27,41.9,42.47,41.82,18610206.0,2018-01-25 00:00:00
42.15,42.56,42.56,41.95,22637421.0,42.15,42.56,42.56,41.95,22637421.0,2018-01-26 00:00:00
42.3,42.85,42.98,42.3,23053104.0,42.3,42.85,42.98,42.3,23053104.0,2018-01-29 00:00:00
42.685,42.25,42.86,41.97,25671649.0,42.685,42.25,42.86,41.97,25671649.0,2018-01-30 00:00:00
41.98,41.54,42.01,41.35,34571282.0,41.98,41.54,42.01,41.35,34571282.0,2018-01-31 00:00:00
41.09,41.7,42.11,40.67,26001606.0,41.09,41.7,42.11,40.67,26001606.0,2018-02-01 00:00:00
41.5,40.93,41.95,40.87,25920378.0,41.5,40.93,41.95,40.87,25920378.0,2018-02-02 00:00:00
40.87,39.09,41.405,39.08,39491216.0,40.87,39.09,41.405,39.08,39491216.0,2018-02-05 00:00:00
38.33,40.17,40.305,37.35,52940550.0,38.33,40.17,40.305,37.35,52940550.0,2018-02-06 00:00:00
40.31,40.34,41.206,40.03,31841942.0,40.31,40.34,41.206,40.03,31841942.0,2018-02-07 00:00:00
40.44,38.73,40.76,38.72,39300118.0,40.44,38.73,40.76,38.72,39300118.0,2018-02-08 00:00:00
39.0,39.51,39.92,38.23,47947702.0,39.0,39.51,39.92,38.23,47947702.0,2018-02-09 00:00:00
40.515,40.6,40.91,40.225,37320696.0,40.515,40.6,40.91,40.225,37320696.0,2018-02-12 00:00:00
40.5,41.23,41.31,40.22,29220084.0,40.5,41.23,41.31,40.22,29220084.0,2018-02-13 00:00:00
41.04,42.09,42.26,40.99,39880261.0,41.04,42.09,42.26,40.99,39880261.0,2018-02-14 00:00:00
45.065,44.08,45.13,43.26,71490591.0,45.065,44.08,45.13,43.26,71490591.0,2018-02-15 00:00:00
43.885,44.33,45.09,43.79,37915915.0,43.885,44.33,45.09,43.79,37915915.0,2018-02-16 00:00:00
44.0,44.06,44.69,43.81,26258211.0,44.0,44.06,44.69,43.81,26258211.0,2018-02-20 00:00:00
44.11,43.31,44.42,43.28,27128222.0,44.11,43.31,44.42,43.28,27128222.0,2018-02-21 00:00:00
43.49,42.94,43.56,42.75,25627449.0,43.49,42.94,43.56,42.75,25627449.0,2018-02-22 00:00:00
43.37,44.0,44.04,42.92,24855689.0,43.37,44.0,44.04,42.92,24855689.0,2018-02-23 00:00:00
44.3,45.36,45.45,44.13,27226705.0,44.3,45.36,45.45,44.13,27226705.0,2018-02-26 00:00:00
45.41,45.04,45.61,44.62,26887782.0,45.41,45.04,45.61,44.62,26887782.0,2018-02-27 00:00:00
45.27,44.78,45.89,44.78,26346609.0,45.27,44.78,45.89,44.78,26346609.0,2018-02-28 00:00:00
44.68,43.8,45.0,43.35,32154328.0,44.68,43.8,45.0,43.35,32154328.0,2018-03-01 00:00:00
43.29,44.06,44.22,43.1,28848064.0,43.29,44.06,44.22,43.1,28848064.0,2018-03-02 00:00:00
43.92,44.52,44.765,43.7,22101667.0,43.92,44.52,44.765,43.7,22101667.0,2018-03-05 00:00:00
44.65,44.29,44.785,44.135,21929955.0,44.65,44.29,44.785,44.135,21929955.0,2018-03-06 00:00:00
44.03,44.2,44.39,43.8,22034446.0,44.03,44.2,44.39,43.8,22034446.0,2018-03-07 00:00:00
44.25,44.34,44.41,43.935,19677672.0,44.25,44.34,44.41,43.935,19677672.0,2018-03-08 00:00:00
44.62,45.37,45.54,44.61,21633413.0,44.62,45.37,45.54,44.61,21633413.0,2018-03-09 00:00:00
45.53,45.55,45.87,45.4,17458907.0,45.53,45.55,45.87,45.4,17458907.0,2018-03-12 00:00:00
45.78,45.16,46.16,44.92,23081229.0,45.78,45.16,46.16,44.92,23081229.0,2018-03-13 00:00:00
45.34,45.28,45.7587,45.09,20923845.0,45.34,45.28,45.7587,45.09,20923845.0,2018-03-14 00:00:00
45.3,45.33,45.735,45.12,23338222.0,45.3,45.33,45.735,45.12,23338222.0,2018-03-15 00:00:00
45.33,45.01,45.6,44.97,52355707.0,45.33,45.01,45.6,44.97,52355707.0,2018-03-16 00:00:00
44.59,44.27,44.82,43.9,24524286.0,44.59,44.27,44.82,43.9,24524286.0,2018-03-19 00:00:00
44.49,44.37,44.64,44.18,22385001.0,44.49,44.37,44.64,44.18,22385001.0,2018-03-20 00:00:00
44.24,44.31,44.9,44.1331,20616375.0,44.24,44.31,44.9,44.1331,20616375.0,2018-03-21 00:00:00
43.76,43.07,44.02,43.02,29374734.0,43.76,43.07,44.02,43.02,29374734.0,2018-03-22 00:00:00
43.71,42.42,43.84,42.42,30674112.0,43.71,42.42,43.84,42.42,30674112.0,2018-03-23 00:00:00
43.25,44.06,44.16,42.83,28454954.0,43.25,44.06,44.16,42.83,28454954.0,2018-03-26 00:00:00
44.49,42.68,44.52,42.24,30088447.0,44.49,42.68,44.52,42.24,30088447.0,2018-03-27 00:00:00
