1172.0,1189.01,1190.0,1170.51,2587899.0,1172.0,1189.01,1190.0,1170.51,2587899.0,2018-01-02 00:00:00
1188.3,1204.2,1205.49,1188.3,3044664.0,1188.3,1204.2,1205.49,1188.3,3044664.0,2018-01-03 00:00:00
1205.0,1209.59,1215.87,1204.66,3000366.0,1205.0,1209.59,1215.87,1204.66,3000366.0,2018-01-04 00:00:00
1217.51,1229.14,1229.14,1210.0,3430148.0,1217.51,1229.14,1229.14,1210.0,3430148.0,2018-01-05 00:00:00
1236.0,1246.87,1253.08,1232.03,4177533.0,1236.0,1246.87,1253.08,1232.03,4177533.0,2018-01-08 00:00:00
1256.9,1252.7,1259.33,1241.76,3646681.0,1256.9,1252.7,1259.33,1241.76,3646681.0,2018-01-09 00:00:00
1245.15,1254.33,1254.33,1237.23,2659507.0,1245.15,1254.33,1254.33,1237.23,2659507.0,2018-01-10 00:00:00
1259.74,1276.68,1276.77,1256.46,3075315.0,1259.74,1276.68,1276.77,1256.46,3075315.0,2018-01-11 00:00:00
1273.39,1305.2,1305.76,1273.39,5360681.0,1273.39,1305.2,1305.76,1273.39,5360681.0,2018-01-12 00:00:00
1323.0,1304.86,1339.94,1292.3,7111172.0,1323.0,1304.86,1339.94,1292.3,7111172.0,2018-01-16 00:00:00
1312.24,1295.0,1314.0,1280.88,5166748.0,1312.24,1295.0,1314.0,1280.88,5166748.0,2018-01-17 00:00:00
1293.95,1293.32,1304.6,1284.02,3941007.0,1293.95,1293.32,1304.6,1284.02,3941007.0,2018-01-18 00:00:00
1312.0,1294.58,1313.0,1292.99,4395070.0,1312.0,1294.58,1313.0,1292.99,4395070.0,2018-01-19 00:00:00
1297.17,1327.31,1327.45,1296.66,3970151.0,1297.17,1327.31,1327.45,1296.66,3970151.0,2018-01-22 00:00:00
1338.09,1362.54,1364.9,1337.34,5056764.0,1338.09,1362.54,1364.9,1337.34,5056764.0,2018-01-23 00:00:00
1374.82,1357.51,1388.16,1338.0,6730084.0,1374.82,1357.51,1388.16,1338.0,6730084.0,2018-01-24 00:00:00
1368.0,1377.95,1378.34,1357.62,4621862.0,1368.0,1377.95,1378.34,1357.62,4621862.0,2018-01-25 00:00:00
1392.01,1402.05,1402.53,1380.91,4584082.0,1392.01,1402.05,1402.53,1380.91,4584082.0,2018-01-26 00:00:00
1409.18,1417.68,1431.39,1400.44,5628992.0,1409.18,1417.68,1431.39,1400.44,5628992.0,2018-01-29 00:00:00
1403.17,1437.82,1439.25,1392.0,5736512.0,1403.17,1437.82,1439.25,1392.0,5736512.0,2018-01-30 00:00:00
1451.3,1451.65,1472.58,1450.04,6220396.0,1451.3,1451.65,1472.58,1450.04,6220396.0,2018-01-31 00:00:00
1445.0,1390.0,1459.88,1385.14,7812953.0,1445.0,1390.0,1459.88,1385.14,7812953.0,2018-02-01 00:00:00
1477.39,1431.0,1498.0,1414.0,10915962.0,1477.39,1431.0,1498.0,1414.0,10915962.0,2018-02-02 00:00:00
1402.62,1396.62,1458.98,1320.72,10756332.0,1402.62,1396.62,1458.98,1320.72,10756332.0,2018-02-05 00:00:00
1361.46,1442.84,1443.99,1351.79,10773963.0,1361.46,1442.84,1443.99,1351.79,10773963.0,2018-02-06 00:00:00
1449.0,1416.78,1460.99,1415.15,7066828.0,1449.0,1416.78,1460.99,1415.15,7066828.0,2018-02-07 00:00:00
1429.67,1350.47,1433.75,1349.94,8108560.0,1429.67,1350.47,1433.75,1349.94,8108560.0,2018-02-08 00:00:00
1373.49,1338.99,1383.5,1265.93,13787886.0,1373.49,1338.99,1383.5,1265.93,13787886.0,2018-02-09 00:00:00
1364.67,1386.23,1393.81,1344.01,6682214.0,1364.67,1386.23,1393.81,1344.01,6682214.0,2018-02-12 00:00:00
1385.93,1414.51,1419.72,1383.53,5858860.0,1385.93,1414.51,1419.72,1383.53,5858860.0,2018-02-13 00:00:00
1406.25,1451.05,1452.06,1403.36,5881238.0,1406.25,1451.05,1452.06,1403.36,5881238.0,2018-02-14 00:00:00
1466.89,1461.76,1468.94,1436.84,5598111.0,1466.89,1461.76,1468.94,1436.84,5598111.0,2018-02-15 00:00:00
1457.37,1448.69,1465.8,1446.56,4410879.0,1457.37,1448.69,1465.8,1446.56,4410879.0,2018-02-16 00:00:00
1446.49,1468.35,1488.77,1446.49,6388374.0,1446.49,1468.35,1488.77,1446.49,6388374.0,2018-02-20 00:00:00
1485.0,1482.92,1503.49,1478.92,6216694.0,1485.0,1482.92,1503.49,1478.92,6216694.0,2018-02-21 00:00:00
1495.36,1484.76,1502.54,1475.76,4732555.0,1495.36,1484.76,1502.54,1475.76,4732555.0,2018-02-22 00:00:00
1495.34,1500.0,1500.0,1486.5,4327008.0,1495.34,1500.0,1500.0,1486.5,4327008.0,2018-02-23 00:00:00
1509.2,1521.95,1522.84,1507.0,4909053.0,1509.2,1521.95,1522.84,1507.0,4909053.0,2018-02-26 00:00:00
1524.5,1511.98,1526.78,1507.21,4708378.0,1524.5,1511.98,1526.78,1507.21,4708378.0,2018-02-27 00:00:00
1519.51,1512.45,1528.7,1512.0,4426580.0,1519.51,1512.45,1528.7,1512.0,4426580.0,2018-02-28 00:00:00
1513.6,1493.45,1518.49,1465.0,6835230.0,1513.6,1493.45,1518.49,1465.0,6835230.0,2018-03-01 00:00:00
1469.1,1500.25,1501.05,1455.01,6587564.0,1469.1,1500.25,1501.05,1455.01,6587564.0,2018-03-02 00:00:00
1494.24,1523.61,1525.38,1481.0,5233934.0,1494.24,1523.61,1525.38,1481.0,5233934.0,2018-03-05 00:00:00
1533.2,1537.64,1542.13,1528.0,4561718.0,1533.2,1537.64,1542.13,1528.0,4561718.0,2018-03-06 00:00:00
1526.52,1545.0,1545.9,1522.51,4174123.0,1526.52,1545.0,1545.9,1522.51,4174123.0,2018-03-07 00:00:00
1550.0,1551.86,1554.88,1545.25,3512528.0,1550.0,1551.86,1554.88,1545.25,3512528.0,2018-03-08 00:00:00
1563.5,1578.89,1578.94,1559.08,4417059.0,1563.5,1578.89,1578.94,1559.08,4417059.0,2018-03-09 00:00:00
1592.6,1598.39,1605.33,1586.7,5115886.0,1592.6,1598.39,1605.33,1586.7,5115886.0,2018-03-12 00:00:00
1615.96,1588.18,1617.54,1578.01,6427066.0,1615.96,1588.18,1617.54,1578.01,6427066.0,2018-03-13 00:00:00
1597.0,1591.0,1606.44,1590.89,4164395.0,1597.0,1591.0,1606.44,1590.89,4164395.0,2018-03-14 00:00:00
1595.0,1582.32,1596.91,1578.11,4026744.0,1595.0,1582.32,1596.91,1578.11,4026744.0,2018-03-15 00:00:00
1583.45,1571.68,1589.44,1567.5,5145054.0,1583.45,1571.68,1589.44,1567.5,5145054.0,2018-03-16 00:00:00
1554.53,1544.93,1561.66,1525.35,6376619.0,1554.53,1544.93,1561.66,1525.35,6376619.0,2018-03-19 00:00:00
1550.34,1586.51,1587.0,1545.41,4507049.0,1550.34,1586.51,1587.0,1545.41,4507049.0,2018-03-20 00:00:00
1586.45,1581.86,1590.0,1563.17,4667291.0,1586.45,1581.86,1590.0,1563.17,4667291.0,2018-03-21 00:00:00
1565.47,1544.1,1573.85,1542.4,6177737.0,1565.47,1544.1,1573.85,1542.4,6177737.0,2018-03-22 00:00:00
1539.01,1495.56,1549.02,1495.36,7843966.0,1539.01,1495.56,1549.02,1495.36,7843966.0,2018-03-23 00:00:00
1530.0,1555.86,1556.99,1499.25,5547618.0,1530.0,1555.86,1556.99,1499.25,5547618.0,2018-03-26 00:00:00
1572.4,1497.05,1575.96,1482.32,6793279.0,1572.4,1497.05,1575.96,1482.32,6793279.0,2018-03-27 00:00:00
