154.5,154.25,154.81,153.54,4195225.0,154.5,154.25,154.81,153.54,4195225.0,2018-01-02 00:00:00
157.34,158.49,159.81,156.33,9439063.0,157.34,158.49,159.81,156.33,9439063.0,2018-01-03 00:00:00
159.65,161.7,162.3237,159.37,7363843.0,159.65,161.7,162.3237,159.37,7363843.0,2018-01-04 00:00:00
162.44,162.49,162.9,161.101,5162075.0,162.44,162.49,162.9,161.101,5162075.0,2018-01-05 00:00:00
162.66,163.47,163.905,161.701,5101023.0,162.66,163.47,163.905,161.701,5101023.0,2018-01-08 00:00:00
163.9,163.83,164.53,163.06,4333418.0,163.9,163.83,164.53,163.06,4333418.0,2018-01-09 00:00:00
162.91,164.18,164.33,162.5,4150836.0,162.91,164.18,164.33,162.5,4150836.0,2018-01-10 00:00:00
164.8,164.2,164.94,163.3,3783614.0,164.8,164.2,164.94,163.3,3783614.0,2018-01-11 00:00:00
164.02,163.14,164.74,163.03,5007254.0,164.02,163.14,164.74,163.03,5007254.0,2018-01-12 00:00:00
165.1,163.85,165.29,163.35,7588202.0,165.1,163.85,165.29,163.35,7588202.0,2018-01-16 00:00:00
168.01,168.65,169.1253,167.26,11630539.0,168.01,168.65,169.1253,167.26,11630539.0,2018-01-17 00:00:00
170.0,169.12,171.13,168.15,10948033.0,170.0,169.12,171.13,168.15,10948033.0,2018-01-18 00:00:00
164.46,162.37,165.4,161.3,21079530.0,164.46,162.37,165.4,161.3,21079530.0,2018-01-19 00:00:00
161.51,162.6,163.98,161.11,8340507.0,161.51,162.6,163.98,161.11,8340507.0,2018-01-22 00:00:00
162.82,166.25,166.26,162.51,7417268.0,162.82,166.25,166.26,162.51,7417268.0,2018-01-23 00:00:00
166.75,165.37,168.72,164.82,5507664.0,166.75,165.37,168.72,164.82,5507664.0,2018-01-24 00:00:00
165.91,165.47,166.78,165.19,3240177.0,165.91,165.47,166.78,165.19,3240177.0,2018-01-25 00:00:00
166.12,167.34,167.4142,165.79,3664496.0,166.12,167.34,167.4142,165.79,3664496.0,2018-01-26 00:00:00
167.45,166.8,168.39,166.01,3423903.0,167.45,166.8,168.39,166.01,3423903.0,2018-01-29 00:00:00
166.21,163.62,166.77,163.155,4796200.0,166.21,163.62,166.77,163.155,4796200.0,2018-01-30 00:00:00
163.75,163.7,164.99,162.761,4025105.0,163.75,163.7,164.99,162.761,4025105.0,2018-01-31 00:00:00
163.19,162.4,164.13,161.9,4422505.0,163.19,162.4,164.13,161.9,4422505.0,2018-02-01 00:00:00
161.7,159.03,162.0,158.8663,5174779.0,161.7,159.03,162.0,158.8663,5174779.0,2018-02-02 00:00:00
157.89,152.53,158.5,150.0,8600416.0,157.89,152.53,158.5,150.0,8600416.0,2018-02-05 00:00:00
150.29,155.34,155.49,149.11,9823824.0,150.29,155.34,155.49,149.11,9823824.0,2018-02-06 00:00:00
154.17,153.85,155.34,153.28,6069258.0,154.17,153.85,155.34,153.28,6069258.0,2018-02-07 00:00:00
152.48,147.59,153.16,147.5,6599136.0,152.48,147.59,153.16,147.5,6599136.0,2018-02-08 00:00:00
148.6,149.51,150.54,144.3955,7763603.0,148.6,149.51,150.54,144.3955,7763603.0,2018-02-09 00:00:00
150.9,151.4,152.4,150.3,5659623.0,150.9,151.4,152.4,150.3,5659623.0,2018-02-12 00:00:00
150.9,150.75,151.179,149.64,4854790.0,150.9,150.75,151.179,149.64,4854790.0,2018-02-13 00:00:00
150.19,154.76,155.0,150.0,5422862.0,150.19,154.76,155.0,150.0,5422862.0,2018-02-14 00:00:00
155.5,156.01,156.86,153.7,5525079.0,155.5,156.01,156.86,153.7,5525079.0,2018-02-15 00:00:00
155.71,156.18,157.7905,155.69,4239560.0,155.71,156.18,157.7905,155.69,4239560.0,2018-02-16 00:00:00
155.79,155.16,155.96,153.87,4267801.0,155.79,155.16,155.96,153.87,4267801.0,2018-02-20 00:00:00
155.43,153.96,156.79,153.9,3492694.0,155.43,153.96,156.79,153.9,3492694.0,2018-02-21 00:00:00
154.5,153.18,155.04,152.79,4017699.0,154.5,153.18,155.04,152.79,4017699.0,2018-02-22 00:00:00
154.3,155.52,155.855,154.07,3208908.0,154.3,155.52,155.855,154.07,3208908.0,2018-02-23 00:00:00
155.81,158.58,158.88,155.51,3576723.0,155.81,158.58,158.88,155.51,3576723.0,2018-02-26 00:00:00
158.46,156.55,159.78,156.53,4192962.0,158.46,156.55,159.78,156.53,4192962.0,2018-02-27 00:00:00
157.5,155.83,158.1399,155.8,3761597.0,157.5,155.83,158.1399,155.8,3761597.0,2018-02-28 00:00:00
155.53,153.81,156.9742,152.79,4039339.0,155.53,153.81,156.9742,152.79,4039339.0,2018-03-01 00:00:00
152.79,154.49,154.76,151.88,3261141.0,152.79,154.49,154.76,151.88,3261141.0,2018-03-02 00:00:00
154.12,156.95,157.49,153.75,3670630.0,154.12,156.95,157.49,153.75,3670630.0,2018-03-05 00:00:00
157.28,155.72,157.89,155.1568,3594049.0,157.28,155.72,157.89,155.1568,3594049.0,2018-03-06 00:00:00
155.0,158.32,158.83,154.73,4607677.0,155.0,158.32,158.83,154.73,4607677.0,2018-03-07 00:00:00
159.0,156.21,159.57,155.07,6095521.0,159.0,156.21,159.57,155.07,6095521.0,2018-03-08 00:00:00
157.47,159.31,159.5825,157.3,4783247.0,157.47,159.31,159.5825,157.3,4783247.0,2018-03-09 00:00:00
159.64,160.26,161.02,158.87,5056489.0,159.64,160.26,161.02,158.87,5056489.0,2018-03-12 00:00:00
160.09,159.32,162.1122,158.81,4097662.0,160.09,159.32,162.1122,158.81,4097662.0,2018-03-13 00:00:00
160.17,158.12,160.68,157.74,3614293.0,160.17,158.12,160.68,157.74,3614293.0,2018-03-14 00:00:00
158.71,159.61,161.25,158.52,3860479.0,158.71,159.61,161.25,158.52,3860479.0,2018-03-15 00:00:00
160.06,160.26,161.98,159.64,8447294.0,160.06,160.26,161.98,159.64,8447294.0,2018-03-16 00:00:00
159.71,157.35,159.8899,156.45,5415258.0,159.71,157.35,159.8899,156.45,5415258.0,2018-03-19 00:00:00
157.52,156.2,157.93,155.29,4296935.0,157.52,156.2,157.93,155.29,4296935.0,2018-03-20 00:00:00
156.57,156.69,158.2,155.92,3240695.0,156.57,156.69,158.2,155.92,3240695.0,2018-03-21 00:00:00
155.0,152.09,155.2499,152.0,4617371.0,155.0,152.09,155.2499,152.0,4617371.0,2018-03-22 00:00:00
152.25,148.89,152.58,148.541,4389015.0,152.25,148.89,152.58,148.541,4389015.0,2018-03-23 00:00:00
151.21,153.37,153.657,150.28,4038586.0,151.21,153.37,153.657,150.28,4038586.0,2018-03-26 00:00:00
153.95,151.91,154.8697,151.16,3810994.0,153.95,151.91,154.8697,151.16,3810994.0,2018-03-27 00:00:00
